-----------------------------------------------------------
DataType: reps/rad_d2.t
Accuracy: 62.5%
-----------------------------------------[Confusion_Matrix]
LIBSVM Classification   8.0   10.0  12.0  13.0  15.0  16.0
Actual Activity Number                                    
8.0                        8     0     0     0     0     0
10.0                       1     5     0     0     1     1
12.0                       0     1     1     0     3     3
13.0                       0     0     0     6     1     1
15.0                       0     0     0     1     5     2
16.0                       0     0     0     0     3     5
-----------------------------------------------------------