-----------------------------------------------------------
DataType: reps/cust_d2.t
Accuracy: 70.83%
-----------------------------------------[Confusion_Matrix]
LIBSVM Classification   8.0   10.0  12.0  13.0  15.0  16.0
Actual Activity Number                                    
8.0                        7     1     0     0     0     0
10.0                       1     5     0     0     0     2
12.0                       0     0     7     0     1     0
13.0                       2     0     1     5     0     0
15.0                       0     0     0     0     7     1
16.0                       0     2     0     0     3     3
-----------------------------------------------------------